0.00499669   0.00583386   0.000241607
0.0149901   0.878381   0.00295169
0.0249835   0.937941   0.0030492
0.0349768   0.989855   0.00313163
0.0449702   1.04548   0.00321752
0.0549636   1.10351   0.00330464
0.064957   1.15995   0.00338712
0.0749504   1.21583   0.00346678
0.0849437   1.26169   0.00353073
0.0949371   1.31932   0.00360942
0.10493   1.37606   0.00368516
0.114924   1.42849   0.0037537
0.124917   1.47161   0.00380911
0.134911   1.5216   0.00387228
0.144904   1.57054   0.00393308
0.154897   1.61922   0.00399259
0.164891   1.66679   0.00404983
0.174884   1.71187   0.00410329
0.184878   1.76031   0.00415991
0.194871   1.7965   0.00420168
0.204864   1.84051   0.00425189
0.214858   1.86991   0.00428507
0.224851   1.91946   0.00434038
0.234844   1.94814   0.00437205
0.244838   1.98023   0.00440719
0.254831   2.00903   0.00443847
0.264825   2.03152   0.00446273
0.274818   2.05963   0.00449286
0.284811   2.08084   0.00451544
0.294805   2.09818   0.00453381
0.304798   2.10628   0.00454237
0.314791   2.12886   0.00456612
0.324785   2.1278   0.00456501
0.334778   2.12316   0.00456014
0.344772   2.12944   0.00456673
0.354765   2.12131   0.0045582
0.364758   2.10071   0.00453649
0.374752   2.08708   0.00452206
0.384745   2.07123   0.00450522
0.394739   2.04378   0.0044759
0.404732   2.01443   0.00444431
0.414725   1.97883   0.00440566
0.424719   1.93878   0.00436174
0.434712   1.89577   0.00431404
0.444705   1.84625   0.00425839
0.454699   1.79593   0.00420103
0.464692   1.73701   0.00413278
0.474686   1.6824   0.00406843
0.484679   1.60832   0.00397935
0.494672   1.5374   0.00389202
0.504666   1.4616   0.00379632
0.514659   1.38111   0.00369182
0.524652   1.30055   0.00358399
0.534646   1.21079   0.00345967
0.544639   1.12659   0.00333862
0.554633   1.04192   0.00321209
0.564626   0.955102   0.00307671
0.574619   0.854326   0.00291134
0.584613   0.761574   0.00275005
0.594606   0.680841   0.00260126
0.6046   0.594083   0.00243094
0.614593   0.501392   0.0022343
0.624586   0.419348   0.00204418
0.63458   0.339465   0.00183994
0.644573   0.267687   0.00163447
0.654566   0.19626   0.00140002
0.66456   0.139112   0.00117903
0.674553   0.0892291   0.000944503
0.684547   0.046801   0.000684179
0.69454   0.0188225   0.000433951
0.704533   0.00495328   0.000222628