0.00354765   0.006727620811696868
0.0106429   0.5075896046699195
0.0177383   0.8977442814378616
0.0248335   0.9359909725137655
0.0319289   0.9803533444201544
0.0390242   1.019253424155719
0.0461194   1.0536699593075793
0.0532147   1.0976108453650892
0.06031   1.1391242059693916
0.0674054   1.1654438246168712
0.0745007   1.206544064864717
0.081596   1.242833209380687
0.0886912   1.2874815469582457
0.0957865   1.317272977479386
0.102882   1.3631505643797153
0.109977   1.3914208800059562
0.117072   1.432109270493641
0.124168   1.465881150281894
0.131263   1.5062487413922319
0.138358   1.5452603005117878
0.145454   1.5777575492059221
0.152549   1.6050179073071955
0.159644   1.6401604596295953
0.16674   1.6734243767758996
0.173835   1.7067840894519593
0.18093   1.7368347701550717
0.188025   1.7685121603230938
0.195121   1.7945151651732432
0.202216   1.8385820008308091
0.209311   1.8586878519607173
0.216407   1.8776622228869129
0.223502   1.903636060792425
0.230597   1.934036828155496
0.237693   1.9651665604448523
0.244788   1.9785302331139611
0.251883   2.0045829192259292
0.258978   2.0160844739513353
0.266074   2.036672608649035
0.273169   2.061184292330287
0.280264   2.076719065904528
0.28736   2.0713707964006582
0.294455   2.095605885071704
0.30155   2.1231372698111746
0.308646   2.112909023700217
0.315741   2.1112589259927774
0.322836   2.1214965269830555
0.329931   2.1291906254870323
0.337027   2.130065541349701
0.344122   2.126525392307243
0.351217   2.119642932874881
0.358313   2.11157504599613
0.365408   2.095766192531256
0.372503   2.1023696734422357
0.379599   2.0934724881778513
0.386694   2.072707346240874
0.393789   2.050651045767233
0.400884   2.026726221694081
0.40798   2.005464890909801
0.415075   1.9780891311488653
0.42217   1.9496496501320122
0.429266   1.9364160399667136
0.436361   1.8768003309407708
0.443456   1.8513379044569696
0.450552   1.8235464147119218
0.457647   1.7792882291741103
0.464742   1.7311382382147478
0.471837   1.6899701317974773
0.478933   1.6446098375134695
0.486028   1.6051821897989507
0.493123   1.5415737162310066
0.500219   1.501832867360838
0.507314   1.4424453821417949
0.514409   1.3895716719201998
0.521505   1.3261533661843936
0.5286   1.2609620866524793
0.535695   1.2064540125324035
0.54279   1.1453758873049689
0.549886   1.0806906191066665
0.556981   1.0167865599955237
0.564076   0.9579407488121019
0.571172   0.8971435153064591
0.578267   0.8227345086938713
0.585362   0.7612702125074531
0.592458   0.6972677043582285
0.599553   0.6361035446498329
0.606648   0.5717869788234865
0.613743   0.5125444752549235
0.620839   0.44980946256295157
0.627934   0.39045537229285926
0.635029   0.3376376505333014
0.642125   0.28345096912586387
0.64922   0.2365557179501092
0.656315   0.1884759549594448
0.663411   0.14675345000627885
0.670506   0.10883020829807273
0.677601   0.07553162794080569
0.684696   0.04844374330779272
0.691792   0.024511999021792755
0.698887   0.009273767264916407
0.705982   0.0014465788649156736
