0.00354765   0.006583434960208915
0.0106429   0.5129079547505009
0.0177383   0.8917703871708247
0.0248335   0.93896051003769
0.0319289   0.9760466191337421
0.0390242   1.0157513760646355
0.0461194   1.0624656727056199
0.0532147   1.1008138473018203
0.06031   1.1365634235111672
0.0674054   1.1763328533626591
0.0745007   1.22205213441373
0.081596   1.2572046555819465
0.0886912   1.2920717729886078
0.0957865   1.3428751068135034
0.102882   1.3653329199440798
0.109977   1.4154285043969057
0.117072   1.4452723065439186
0.124168   1.4737639962758702
0.131263   1.5265382065775959
0.138358   1.5583099875397532
0.145454   1.5925909173422899
0.152549   1.6282543726986054
0.159644   1.6525198391219917
0.16674   1.6966725213612452
0.173835   1.724486160989158
0.18093   1.7639454017001464
0.188025   1.784811956263073
0.195121   1.810238652045484
0.202216   1.8540396113557505
0.209311   1.8682507739525136
0.216407   1.9058702913003982
0.223502   1.9271926854624195
0.230597   1.9540537273472067
0.237693   1.980751029658173
0.244788   2.002097433979635
0.251883   2.0140782980784326
0.258978   2.0376317358315266
0.266074   2.053917513464901
0.273169   2.0726758182110716
0.280264   2.0896086405364773
0.28736   2.101167117207181
0.294455   2.1132143387386475
0.30155   2.124288067960962
0.308646   2.1262170566615515
0.315741   2.1299334293277328
0.322836   2.139095862891245
0.329931   2.141811372168253
0.337027   2.143345511607619
0.344122   2.1315778270040844
0.351217   2.1227358471318523
0.358313   2.1161542074310034
0.365408   2.1154425013869496
0.372503   2.1057504065616164
0.379599   2.0807922882757923
0.386694   2.0706826048240092
0.393789   2.057619350038538
0.400884   2.0250820065898663
0.40798   1.9976658512036296
0.415075   1.9774197685819594
0.42217   1.9400070173911188
0.429266   1.9140026923894522
0.436361   1.8750546295170423
0.443456   1.8442170032551282
0.450552   1.8069778051070255
0.457647   1.7674019169443842
0.464742   1.7178480076580789
0.471837   1.6750622234787234
0.478933   1.6280882719919565
0.486028   1.5801415299109882
0.493123   1.5182644754322496
0.500219   1.4706921645810938
0.507314   1.417748163390453
0.514409   1.3608970763322341
0.521505   1.3105200456293014
0.5286   1.2428589903997354
0.535695   1.1801117705695132
0.54279   1.120865557419439
0.549886   1.0542484074270557
0.556981   0.9981629467242669
0.564076   0.9392677790390019
0.571172   0.8679584481171281
0.578267   0.8020312201132627
0.585362   0.7413725689767128
0.592458   0.6773829335506938
0.599553   0.6123252138211378
0.606648   0.5473171816361213
0.613743   0.4904755367718188
0.620839   0.430665742012938
0.627934   0.3765436152342898
0.635029   0.3219163276557478
0.642125   0.2708809949443174
0.64922   0.22401503312307347
0.656315   0.17765698211771697
0.663411   0.13807669224931665
0.670506   0.10072919978901003
0.677601   0.0699007743639035
0.684696   0.04535150054291687
0.691792   0.024603082823716354
0.698887   0.008893688548535462
0.705982   0.0014161327614334949
