0.00354765   0.00782208   0.00033202
0.0106429   0.510352   0.00267708
0.0177383   0.902175   0.00355439
0.0248335   0.942074   0.00363162
0.0319289   0.98826   0.00371897
0.0390242   1.02827   0.00379296
0.0461194   1.06437   0.00385846
0.0532147   1.11006   0.00393977
0.06031   1.15345   0.00401541
0.0674054   1.18122   0.00406305
0.0745007   1.22429   0.00413582
0.081596   1.26185   0.00419822
0.0886912   1.30777   0.00427322
0.0957865   1.33941   0.00432412
0.102882   1.38633   0.00439846
0.109977   1.41602   0.00444485
0.117072   1.45868   0.00451062
0.124168   1.49371   0.00456387
0.131263   1.53457   0.00462519
0.138358   1.5749   0.00468491
0.145454   1.60823   0.00473366
0.152549   1.63651   0.0047746
0.159644   1.67247   0.00482616
0.16674   1.70643   0.00487431
0.173835   1.74048   0.0049221
0.18093   1.77103   0.00496457
0.188025   1.8026   0.00500806
0.195121   1.82838   0.00504327
0.202216   1.87287   0.00510345
0.209311   1.89356   0.00513118
0.216407   1.9121   0.00515589
0.223502   1.9378   0.00518995
0.230597   1.96804   0.00522971
0.237693   1.9979   0.00526867
0.244788   2.01113   0.00528584
0.251883   2.03626   0.00531828
0.258978   2.04689   0.00533194
0.266074   2.06651   0.00535705
0.273169   2.09034   0.00538739
0.280264   2.10343   0.00540398
0.28736   2.0974   0.00539635
0.294455   2.11987   0.00542473
0.30155   2.14515   0.00545649
0.308646   2.13362   0.00544203
0.315741   2.12992   0.00543738
0.322836   2.13792   0.00544743
0.329931   2.14345   0.00545435
0.337027   2.14169   0.00545214
0.344122   2.13534   0.00544419
0.351217   2.12652   0.0054331
0.358313   2.11632   0.00542025
0.365408   2.09822   0.00539738
0.372503   2.10183   0.00540195
0.379599   2.09005   0.00538702
0.386694   2.06657   0.00535712
0.393789   2.04244   0.00532622
0.400884   2.01639   0.00529265
0.40798   1.99287   0.00526213
0.415075   1.96292   0.005223
0.42217   1.93098   0.00518093
0.429266   1.91547   0.00516036
0.436361   1.85423   0.00507832
0.443456   1.82669   0.00504097
0.450552   1.79585   0.00499879
0.457647   1.74982   0.00493513
0.464742   1.6999   0.00486509
0.471837   1.6569   0.00480391
0.478933   1.60988   0.00473606
0.486028   1.56941   0.00467682
0.493123   1.50457   0.00458027
0.500219   1.46314   0.00451743
0.507314   1.40317   0.00442483
0.514409   1.34944   0.00434013
0.521505   1.28551   0.00423705
0.5286   1.22015   0.00412888
0.535695   1.16549   0.00403614
0.54279   1.10465   0.00393023
0.549886   1.04041   0.00381511
0.556981   0.976844   0.00369757
0.564076   0.918707   0.0035866
0.571172   0.858597   0.00346803
0.578267   0.785971   0.00331897
0.585362   0.725903   0.00319031
0.592458   0.663439   0.00305064
0.599553   0.603977   0.00291134
0.606648   0.541978   0.00275847
0.613743   0.484574   0.00260884
0.620839   0.424281   0.00244167
0.627934   0.36768   0.00227343
0.635029   0.317238   0.00211212
0.642125   0.265697   0.0019333
0.64922   0.221456   0.0017653
0.656315   0.1763   0.00157532
0.663411   0.137048   0.00138912
0.670506   0.10149   0.00119555
0.677601   0.0703282   0.000995339
0.684696   0.0450439   0.000796642
0.691792   0.0227475   0.000566169
0.698887   0.00859724   0.000348081
0.705982   0.00133891   0.000137369
