0.0034455   0.275722   0.063198
0.0103365   3.01843   0.207113
0.0172275   3.04745   0.208085
0.0241185   2.6121   0.192944
0.0310095   2.43796   0.186516
0.0379005   2.01712   0.169905
0.0447915   3.04745   0.208085
0.0516825   3.19257   0.212873
0.0585735   3.96169   0.236489
0.0654645   9.30199   0.355454
0.0723555   3.41025   0.219841
0.0792465   3.12001   0.210494
0.0861375   2.59759   0.192417
0.0930285   2.4815   0.188145
0.0999195   2.46699   0.187603
0.106811   2.10419   0.173481
0.113702   1.84298   0.162505
0.120593   2.06066   0.171703
0.127483   2.29285   0.180971
0.134375   2.16224   0.175822
0.141266   2.19126   0.17698
0.148156   2.27833   0.180407
0.155048   1.93005   0.166249
0.161939   2.27833   0.180407
0.16883   2.04615   0.171106
0.175721   2.10419   0.173481
0.182612   2.14773   0.17524
0.189503   1.97359   0.168088
0.196393   1.82847   0.161872
0.203285   2.67015   0.195036
0.210176   1.20447   0.131664
0.217067   2.65564   0.194516
0.223958   2.13322   0.174656
0.230849   3.43927   0.220752
0.23774   4.15034   0.241892
0.244631   2.26382   0.179841
0.251522   1.82847   0.161872
0.258412   1.18996   0.130876
0.265304   1.33507   0.138556
0.272195   1.40763   0.142236
0.279086   1.248   0.134003
0.285977   2.06066   0.171703
0.292868   4.45509   0.250344
0.299759   2.40894   0.185421
0.30665   5.51444   0.277472
0.31354   5.45639   0.276065
0.320432   0.812654   0.108296
0.327323   1.45117   0.144397
0.334213   0.856189   0.111143
0.341105   0.899724   0.113916
0.347996   0.885213   0.112999
0.354887   0.856189   0.111143
0.361778   0.870701   0.112075
0.368669   0.478886   0.0832298
0.37556   0.754607   0.104378
0.382451   0.609491   0.0938534
0.389342   1.13191   0.127669
0.396233   0.754607   0.104378
0.403124   0.769119   0.105372
0.410015   0.812654   0.108296
0.416906   0.507909   0.0857062
0.423797   0.217675   0.0561641
0.430688   0.449862   0.0806763
0.437579   0.333769   0.069519
0.44447   0.333769   0.069519
0.451361   0.536932   0.0881121
0.458252   0.493397   0.0844772
0.465143   2.26382   0.179841
0.472034   0.246699   0.0597853
0.478925   0.217675   0.0561641
0.485816   0.391815   0.0753068
0.492707   0.304745   0.0664343
0.499598   0.159629   0.0481057
0.506489   0.34828   0.0710106
0.513379   0.406327   0.0766849
0.520271   0.0870701   0.0355373
0.527162   0.275722   0.063198
0.534053   0.246699   0.0597853
0.540944   0.159629   0.0481057
0.547835   0.26121   0.0615155
0.554725   0.275722   0.063198
0.561617   0.130605   0.0435176
0.568508   0.0870701   0.0355373
0.575399   0.0725584   0.0324426
0.58229   0.0580467   0.029019
0.58918   0.159629   0.0481057
0.596072   0.116093   0.0410309
0.602963   0.217675   0.0561641
0.609854   0.101582   0.0383828
0.616745   0   0
0.623636   0.0870701   0.0355373
0.630526   0.0290234   0.0205216
0.637418   0   0
0.644309   0   0
0.6512   0   0
0.658091   0   0
0.664982   0   0
0.671873   0   0
0.678764   0   0
0.685655   0   0
0.692546   0   0
0.699437   0   0
0.706327   0   0
0.713219   0   0
0.72011   0   0
0.727001   0   0
0.733892   0   0
0.740783   0   0
0.747673   0   0
0.754565   0   0
0.761456   0   0
0.768347   0   0
0.775238   0   0
0.782129   0   0
0.78902   0   0
0.795911   0   0
0.802802   0   0
0.809693   0   0
0.816584   0   0
0.823474   0   0
0.830366   0   0
0.837257   0   0
0.844148   0   0
0.851039   0   0
0.85793   0   0
0.864821   0   0
0.871712   0   0
0.878603   0   0
0.885494   0   0
0.892385   0   0
0.899276   0   0
0.906167   0   0
0.913058   0   0
0.919949   0   0
0.92684   0   0
0.933731   0   0
0.940622   0   0
0.947513   0   0
0.954404   0   0
0.961295   0   0
0.968186   0   0
0.975077   0   0
0.981968   0   0
0.988859   0   0
0.99575   0   0
1.00264   0   0
1.00953   0   0
1.01642   0   0
1.02331   0   0
1.0302   0   0
1.0371   0   0
1.04399   0   0
1.05088   0   0
1.05777   0   0
1.06466   0   0
1.07155   0   0
1.07844   0   0
1.08533   0   0
1.09222   0   0
1.09911   0   0
1.10601   0   0
1.1129   0   0
1.11979   0   0
1.12668   0   0
1.13357   0   0
1.14046   0   0
1.14735   0   0
1.15424   0   0
1.16113   0   0
1.16802   0   0
1.17492   0   0
1.18181   0   0
1.1887   0   0
1.19559   0   0
1.20248   0   0
1.20937   0   0
1.21626   0   0
1.22315   0   0
1.23004   0   0
1.23693   0   0
1.24383   0   0
1.25072   0   0
1.25761   0   0
1.2645   0   0
1.27139   0   0
1.27828   0   0
1.28517   0   0
1.29206   0   0
1.29895   0   0
1.30584   0   0
1.31274   0   0
1.31963   0   0
1.32652   0   0
1.33341   0   0
1.3403   0   0
1.34719   0   0
1.35408   0   0
1.36097   0   0
1.36786   0   0
1.37475   0   0
