0.00354765   0.00746973   0.00102602
0.0106429   0.512875   0.0084865
0.0177383   0.918213   0.0113388
0.0248335   0.936395   0.0114498
0.0319289   0.991924   0.011782
0.0390242   1.01617   0.0119241
0.0461194   1.05337   0.0121388
0.0532147   1.0934   0.0123655
0.06031   1.12173   0.0125234
0.0674054   1.16302   0.01275
0.0745007   1.22151   0.0130639
0.081596   1.26422   0.0132883
0.0886912   1.27126   0.0133249
0.0957865   1.31777   0.0135642
0.102882   1.35301   0.0137426
0.109977   1.42291   0.0140897
0.117072   1.43377   0.0141427
0.124168   1.47196   0.0143279
0.131263   1.49352   0.0144314
0.138358   1.54285   0.0146652
0.145454   1.57724   0.0148259
0.152549   1.60346   0.0149472
0.159644   1.66068   0.0152084
0.16674   1.70944   0.0154274
0.173835   1.71931   0.0154713
0.18093   1.73777   0.0155531
0.188025   1.77878   0.0157332
0.195121   1.77596   0.0157209
0.202216   1.83178   0.0159628
0.209311   1.87829   0.0161615
0.216407   1.87011   0.0161268
0.223502   1.91451   0.0163145
0.230597   1.93973   0.0164201
0.237693   1.97088   0.0165496
0.244788   1.97934   0.0165845
0.251883   2.02303   0.016764
0.258978   2.03755   0.0168231
0.266074   2.01908   0.0167478
0.273169   2.05573   0.0168969
0.280264   2.07208   0.016963
0.28736   2.04685   0.0168609
0.294455   2.09181   0.0170423
0.30155   2.05249   0.0168838
0.308646   2.12775   0.0171859
0.315741   2.13719   0.0172234
0.322836   2.13479   0.0172139
0.329931   2.1121   0.0171235
0.337027   2.12901   0.0171909
0.344122   2.13832   0.0172278
0.351217   2.11859   0.0171494
0.358313   2.109   0.0171112
0.365408   2.08095   0.0169987
0.372503   2.05192   0.0168815
0.379599   2.06531   0.0169357
0.386694   2.04093   0.0168369
0.393789   2.00513   0.0166907
0.400884   2.02232   0.0167611
0.40798   2.01824   0.0167444
0.415075   1.96553   0.0165274
0.42217   1.98314   0.0166003
0.429266   1.93565   0.0164031
0.436361   1.89083   0.0162147
0.443456   1.85771   0.0160739
0.450552   1.84812   0.016033
0.457647   1.78386   0.0157554
0.464742   1.742   0.0155718
0.471837   1.71522   0.0154531
0.478933   1.62192   0.015032
0.486028   1.60317   0.0149459
0.493123   1.54017   0.0146526
0.500219   1.48577   0.0143943
0.507314   1.44631   0.0142038
0.514409   1.36851   0.0138204
0.521505   1.333   0.0136416
0.5286   1.27183   0.0133279
0.535695   1.2039   0.0129702
0.54279   1.14047   0.0126268
0.549886   1.09072   0.0123505
0.556981   1.01462   0.0119151
0.564076   0.944851   0.011501
0.571172   0.887912   0.0111513
0.578267   0.822234   0.0107335
0.585362   0.754302   0.0102831
0.592458   0.718363   0.0100364
0.599553   0.639719   0.00947374
0.606648   0.568827   0.00893566
0.613743   0.509351   0.00845741
0.620839   0.457768   0.0080192
0.627934   0.398433   0.00748303
0.635029   0.335151   0.00686465
0.642125   0.282018   0.00629822
0.64922   0.233535   0.00573232
0.656315   0.18477   0.00509972
0.663411   0.144885   0.00451651
0.670506   0.105422   0.00385317
0.677601   0.0693417   0.0031254
0.684696   0.0465097   0.00255985
0.691792   0.0243823   0.0018536
0.698887   0.00831536   0.00108254
0.705982   0.00507378   0.000845615
