0.00354765   0.00768114   0.000329015
0.0106429   0.515679   0.00269097
0.0177383   0.896213   0.00354271
0.0248335   0.945062   0.00363734
0.0319289   0.983975   0.00371095
0.0390242   1.02479   0.00378658
0.0461194   1.07319   0.0038743
0.0532147   1.11329   0.00394544
0.06031   1.15092   0.00401103
0.0674054   1.19214   0.00408163
0.0745007   1.23983   0.00416177
0.081596   1.27625   0.0042219
0.0886912   1.31239   0.0042807
0.0957865   1.36503   0.00436488
0.102882   1.38854   0.00440194
0.109977   1.44004   0.004482
0.117072   1.47186   0.00453073
0.124168   1.50159   0.00457577
0.131263   1.55483   0.0046553
0.138358   1.58792   0.00470402
0.145454   1.62302   0.00475512
0.152549   1.6597   0.00480792
0.159644   1.68478   0.00484367
0.16674   1.72958   0.00490686
0.173835   1.75807   0.0049466
0.18093   1.79798   0.00500171
0.188025   1.81874   0.00503013
0.195121   1.84394   0.0050644
0.202216   1.88812   0.0051239
0.209311   1.90292   0.00514367
0.216407   1.94   0.00519285
0.223502   1.96107   0.00522058
0.230597   1.98771   0.00525541
0.237693   2.01311   0.0052884
0.244788   2.03428   0.00531572
0.251883   2.04544   0.00533007
0.258978   2.06799   0.00535894
0.266074   2.08329   0.00537844
0.273169   2.10138   0.00540138
0.280264   2.11579   0.0054196
0.28736   2.12646   0.00543303
0.294455   2.13688   0.00544612
0.30155   2.1459   0.00545742
0.308646   2.14625   0.00545786
0.315741   2.14777   0.00545977
0.322836   2.15475   0.00546849
0.329931   2.15538   0.00546928
0.337027   2.1542   0.00546781
0.344122   2.13973   0.00544969
0.351217   2.12897   0.00543619
0.358313   2.12016   0.0054251
0.365408   2.11682   0.00542089
0.372503   2.10456   0.00540541
0.379599   2.07702   0.00537046
0.386694   2.06393   0.00535376
0.393789   2.04861   0.00533414
0.400884   2.01414   0.00528973
0.40798   1.9846   0.00525135
0.415075   1.96157   0.00522123
0.42217   1.92086   0.00516753
0.429266   1.89294   0.00513035
0.436361   1.85176   0.00507499
0.443456   1.81906   0.00503058
0.450552   1.77912   0.00497575
0.457647   1.73773   0.00491826
0.464742   1.68644   0.00484603
0.471837   1.64185   0.0047823
0.478933   1.59332   0.00471192
0.486028   1.54468   0.00464025
0.493123   1.48161   0.00454556
0.500219   1.43267   0.00447063
0.507314   1.37888   0.00438676
0.514409   1.32145   0.00429531
0.521505   1.27007   0.00421175
0.5286   1.20236   0.00409894
0.535695   1.13982   0.00399182
0.54279   1.08077   0.00388785
0.549886   1.01477   0.00376816
0.556981   0.958747   0.0036634
0.564076   0.900638   0.00355139
0.571172   0.830578   0.00341131
0.578267   0.76607   0.00327692
0.585362   0.706806   0.00314828
0.592458   0.644412   0.00300678
0.599553   0.581328   0.00285646
0.606648   0.518724   0.00269887
0.613743   0.463673   0.00255214
0.620839   0.406213   0.00238927
0.627934   0.354587   0.00223269
0.635029   0.302468   0.00206247
0.642125   0.253915   0.00189002
0.64922   0.209716   0.00171794
0.656315   0.16618   0.0015295
0.663411   0.128945   0.00134746
0.670506   0.0939354   0.00115023
0.677601   0.0650853   0.000957538
0.684696   0.0421688   0.000770806
0.691792   0.022832   0.00056722
0.698887   0.00824489   0.000340874
0.705982   0.00131073   0.000135915
